1 0.5171875 0.8796875 0.26640625 0.21484375
1 0.23671875 0.63671875 0.13984375 0.07578125
1 0.16484375 0.775 0.10703125 0.0984375
1 0.7859375 0.61328125 0.08671875 0.053125
1 0.30078125 0.5203125 0.11015625 0.0546875
1 0.446875 0.49140625 0.07265625 0.05
1 0.4046875 0.42734375 0.2375 0.09765625
1 0.48046875 0.3078125 0.1328125 0.06796875
1 0.4296875 0.35390625 0.09453125 0.05078125
1 0.07265625 0.9421875 0.13984375 0.11484375
1 0.86484375 0.71015625 0.13515625 0.15546875
1 0.78359375 0.4171875 0.07421875 0.05