1 0.08984375 0.903125 0.1796875 0.19375
1 0.88515625 0.75078125 0.2296875 0.1015625
1 0.24140625 0.7140625 0.25859375 0.115625
1 0.5484375 0.6484375 0.1828125 0.08046875
1 0.76640625 0.6484375 0.19921875 0.08046875
1 0.08125 0.640625 0.1625 0.08515625
1 0.29140625 0.59609375 0.16328125 0.08359375
1 0.8546875 0.5796875 0.1296875 0.06328125
1 0.4625 0.5421875 0.1296875 0.07109375
1 0.7390625 0.52109375 0.15078125 0.07734375
1 0.06953125 0.54609375 0.12265625 0.09296875
1 0.40625 0.5015625 0.2125 0.08203125
1 0.61875 0.4875 0.12734375 0.0609375