1 0.75546875 0.74140625 0.2453125 0.24765625
1 0.58515625 0.43671875 0.10859375 0.0953125
1 0.484375 0.34765625 0.1046875 0.07890625
1 0.53984375 0.2984375 0.0546875 0.03828125
1 0.56796875 0.2671875 0.07421875 0.0390625
1 0.21953125 0.628125 0.0859375 0.075
1 0.26796875 0.365625 0.0484375 0.0484375
1 0.31796875 0.315625 0.0515625 0.046875
1 0.32734375 0.28125 0.05234375 0.0453125
1 0.22578125 0.4171875 0.06015625 0.03828125
1 0.09609375 0.4359375 0.08125 0.0578125
1 0.16328125 0.5140625 0.06875 0.0875
1 0.1859375 0.34765625 0.06171875 0.04140625
2 0.50234375 0.51953125 0.9921875 0.96015625