1 0.3546875 0.8046875 0.1390625 0.1828125
1 0.521875 0.6109375 0.17265625 0.1921875
1 0.253125 0.47890625 0.140625 0.13828125
1 0.4328125 0.4328125 0.08046875 0.1234375
1 0.17421875 0.3375 0.065625 0.0703125
1 0.08125 0.2953125 0.071875 0.0640625
1 0.24296875 0.2578125 0.06328125 0.0515625
1 0.23984375 0.20546875 0.05390625 0.04453125
1 0.36875 0.2765625 0.1203125 0.08828125
1 0.30546875 0.19921875 0.05390625 0.03984375
1 0.26328125 0.1015625 0.09296875 0.06171875
1 0.3640625 0.1234375 0.05390625 0.05390625
1 0.3984375 0.06796875 0.0640625 0.06484375
1 0.78125 0.34296875 0.05546875 0.084375
1 0.81171875 0.2609375 0.0390625 0.075
1 0.73203125 0.2328125 0.07265625 0.046875
1 0.6921875 0.171875 0.0546875 0.06171875
1 0.78125 0.13984375 0.071875 0.06875
1 0.98125 0.3296875 0.0375 0.075