1 0.6125 0.87890625 0.14296875 0.16015625
1 0.62890625 0.68125 0.1640625 0.12109375
1 0.8828125 0.7140625 0.1203125 0.0953125
1 0.79296875 0.6296875 0.1046875 0.0796875
1 0.31171875 0.9546875 0.1328125 0.090625
1 0.1203125 0.7921875 0.06484375 0.121875
1 0.1765625 0.63828125 0.0515625 0.08984375
1 0.30859375 0.61796875 0.1109375 0.1
1 0.6484375 0.53671875 0.11640625 0.10078125
1 0.928125 0.521875 0.1109375 0.075
1 0.85703125 0.46953125 0.11328125 0.08203125
1 0.6703125 0.42578125 0.10234375 0.06328125
1 0.41640625 0.42890625 0.08203125 0.0546875
1 0.340625 0.49453125 0.12734375 0.0671875
1 0.2203125 0.49375 0.0734375 0.0484375
1 0.28203125 0.340625 0.059375 0.04140625
1 0.396875 0.32421875 0.07578125 0.04375
1 0.54140625 0.32734375 0.0828125 0.0625
1 0.825 0.31875 0.13359375 0.09609375
1 0.25078125 0.25390625 0.05546875 0.03515625
1 0.32734375 0.2578125 0.034375 0.025
1 0.47734375 0.23828125 0.028125 0.028125
1 0.4703125 0.3265625 0.03671875 0.04765625
2 0.5 0.5 1 1