1 0.56171875 0.77265625 0.12734375 0.13828125
1 0.71328125 0.9515625 0.0640625 0.09609375
1 0.7203125 0.68046875 0.159375 0.08515625
1 0.784375 0.60703125 0.14765625 0.0859375
1 0.47578125 0.56796875 0.16953125 0.10390625
1 0.60859375 0.509375 0.09921875 0.06328125
1 0.53515625 0.434375 0.084375 0.05703125
1 0.28671875 0.49609375 0.0546875 0.03984375
1 0.421875 0.47734375 0.1625 0.09921875
1 0.38671875 0.3828125 0.06796875 0.0609375
1 0.09375 0.61171875 0.08828125 0.08828125
2 0.45859375 0.60546875 0.84765625 0.7890625