1 0.5125 0.840625 0.23125 0.22421875
1 0.5125 0.6265625 0.12734375 0.10859375
1 0.728125 0.56875 0.10546875 0.0671875
1 0.909375 0.634375 0.1171875 0.12109375
1 0.55703125 0.496875 0.10078125 0.0671875
1 0.9609375 0.49609375 0.078125 0.1015625
1 0.7765625 0.36875 0.1078125 0.07890625
1 0.7296875 0.4171875 0.11875 0.065625
1 0.565625 0.3875 0.090625 0.05703125
1 0.64609375 0.34765625 0.11796875 0.03984375
1 0.58828125 0.32265625 0.08359375 0.02734375
1 0.58125 0.28359375 0.0859375 0.0296875
1 0.69765625 0.27734375 0.0453125 0.02109375
1 0.66796875 0.25546875 0.03515625 0.0390625
1 0.4234375 0.384375 0.06015625 0.0625
1 0.3875 0.4890625 0.0765625 0.0984375
1 0.49375 0.32265625 0.03828125 0.0375
1 0.55859375 0.246875 0.08203125 0.0265625
1 0.58515625 0.2171875 0.05 0.021875
1 0.496875 0.21484375 0.02890625 0.03828125