1 0.5796875 0.78984375 0.11171875 0.1125
1 0.7203125 0.95234375 0.10625 0.0953125
1 0.7921875 0.5921875 0.134375 0.06328125
1 0.73203125 0.67578125 0.240625 0.0796875
1 0.625 0.6203125 0.078125 0.05703125
1 0.484375 0.5578125 0.15625 0.04921875
1 0.4453125 0.61328125 0.1453125 0.053125
1 0.27421875 0.5046875 0.0765625 0.0703125
1 0.40625 0.46484375 0.1578125 0.0671875
1 0.53828125 0.43125 0.06484375 0.0578125
1 0.6625 0.3921875 0.071875 0.04921875
1 0.73671875 0.471875 0.04375 0.03359375
1 0.9109375 0.4875 0.0953125 0.0546875
1 0.62734375 0.5109375 0.13828125 0.065625
1 0.38828125 0.3734375 0.06328125 0.03984375
1 0.48984375 0.31640625 0.07421875 0.06015625
1 0.5875 0.353125 0.06015625 0.05390625
2 0.121875 0.45 0.24375 0.8828125
2 0.5515625 0.24453125 0.51875 0.17421875