1 0.4 0.6546875 0.14609375 0.11875
1 0.496875 0.57265625 0.08359375 0.096875
1 0.61953125 0.534375 0.04140625 0.06640625
1 0.68046875 0.6625 0.19375 0.140625
1 0.67109375 0.853125 0.16328125 0.18125
1 0.625 0.371875 0.07421875 0.07890625
1 0.37890625 0.45234375 0.0578125 0.096875
1 0.0734375 0.44609375 0.08515625 0.08125
1 0.41015625 0.28671875 0.0328125 0.07265625
1 0.5171875 0.3 0.059375 0.04453125
1 0.66484375 0.3109375 0.06953125 0.0703125
1 0.5859375 0.25 0.0703125 0.05546875
1 0.728125 0.4265625 0.03984375 0.04921875
1 0.75234375 0.5453125 0.0796875 0.10625
2 0.87734375 0.5859375 0.24453125 0.82734375