1 0.6875 0.5578125 0.61015625 0.2421875
1 0.6328125 0.37890625 0.18359375 0.10546875
1 0.25390625 0.60390625 0.17578125 0.134375
1 0.246875 0.94296875 0.13984375 0.1140625
1 0.28984375 0.3265625 0.121875 0.1140625
1 0.10703125 0.28984375 0.096875 0.08828125
1 0.65546875 0.26953125 0.09453125 0.04453125
1 0.5796875 0.23828125 0.053125 0.0578125
1 0.5828125 0.1515625 0.096875 0.06875
2 0.7921875 0.53828125 0.415625 0.9234375
1 0.2109375 0.209375 0.10859375 0.05078125
1 0.025 0.2953125 0.05 0.075
1 0.01875 0.7796875 0.0375 0.1625