1 0.521875 0.70859375 0.17578125 0.13359375
1 0.3421875 0.859375 0.125 0.121875
1 0.74765625 0.9609375 0.0921875 0.078125
1 0.4890625 0.9703125 0.203125 0.059375
1 0.965625 0.51171875 0.06875 0.07578125
1 0.26484375 0.6078125 0.20234375 0.11796875
1 0.41796875 0.56640625 0.08828125 0.0921875
1 0.17890625 0.49921875 0.071875 0.07109375
1 0.078125 0.4703125 0.07890625 0.05703125
1 0.3625 0.44921875 0.11796875 0.07109375
1 0.24140625 0.4375 0.065625 0.0484375
1 0.23828125 0.4046875 0.046875 0.03984375
1 0.3015625 0.39140625 0.03828125 0.03046875
1 0.3484375 0.33671875 0.04140625 0.028125
1 0.703125 0.421875 0.053125 0.0375
1 0.7890625 0.45859375 0.06015625 0.0296875
1 0.7640625 0.50546875 0.08125 0.05546875
1 0.7546875 0.35546875 0.0578125 0.04140625
1 0.66796875 0.3828125 0.0390625 0.03515625
1 0.2609375 0.321875 0.0875 0.034375
1 0.18984375 0.3015625 0.05625 0.05
1 0.378125 0.2640625 0.04453125 0.03203125
2 0.415625 0.20390625 0.30625 0.084375
2 0.56484375 0.2984375 0.28359375 0.07890625