1 0.71171875 0.6171875 0.1671875 0.0984375
1 0.8671875 0.9390625 0.14765625 0.10234375
1 0.64140625 0.8921875 0.09921875 0.09921875
1 0.34140625 0.71484375 0.075 0.071875
1 0.47109375 0.6234375 0.084375 0.0828125
1 0.3609375 0.5359375 0.0765625 0.046875
1 0.4734375 0.44453125 0.06875 0.065625
1 0.4765625 0.50078125 0.05703125 0.0578125
1 0.5625 0.3765625 0.16953125 0.0890625
1 0.309375 0.39765625 0.06640625 0.0453125
1 0.384375 0.396875 0.05 0.046875
1 0.3875 0.32578125 0.146875 0.04296875
1 0.228125 0.40078125 0.04296875 0.03984375
1 0.2546875 0.46015625 0.0375 0.0296875
1 0.12734375 0.41640625 0.11953125 0.04765625
1 0.2625 0.7703125 0.084375 0.0859375
1 0.05546875 0.234375 0.05859375 0.04453125
1 0.35390625 0.9609375 0.06875 0.078125
1 0.60078125 0.18828125 0.4765625 0.3765625
2 0.1828125 0.18203125 0.365625 0.3609375
1 0.7796875 0.47734375 0.090625 0.07578125