1 0.525 0.60078125 0.16171875 0.1890625
1 0.3625 0.79140625 0.13203125 0.20625
1 0.4375 0.41796875 0.08828125 0.10546875
1 0.2625 0.478125 0.19375 0.1546875
1 0.18828125 0.34140625 0.08359375 0.0921875
1 0.07890625 0.30859375 0.11015625 0.0859375
1 0.2546875 0.24921875 0.06328125 0.04140625
1 0.37890625 0.2671875 0.1296875 0.084375
1 0.2421875 0.19765625 0.0296875 0.0296875
1 0.17265625 0.1359375 0.0390625 0.03203125
1 0.18984375 0.103125 0.0453125 0.02265625
1 0.265625 0.1 0.04921875 0.0515625
1 0.3984375 0.06640625 0.03515625 0.04140625
1 0.3625 0.11875 0.0484375 0.05
1 0.69375 0.1875 0.04453125 0.0375
1 0.72734375 0.23125 0.05546875 0.046875
1 0.8203125 0.2796875 0.05703125 0.059375
1 0.78671875 0.34609375 0.0828125 0.06015625
1 0.20390625 0.06328125 0.05078125 0.05
1 0.2609375 0.028125 0.0375 0.05625
1 0.3890625 0.0171875 0.05703125 0.02890625
1 0.50625 0.31015625 0.0546875 0.0828125