1 0.42265625 0.4515625 0.15078125 0.096875
1 0.7234375 0.45546875 0.16875 0.06640625
1 0.9015625 0.56015625 0.140625 0.07734375
1 0.59609375 0.36953125 0.20234375 0.0921875
1 0.8 0.290625 0.15859375 0.0984375
1 0.34765625 0.25078125 0.1921875 0.08125
1 0.5515625 0.275 0.08984375 0.08828125
1 0.146875 0.2296875 0.11015625 0.0625
1 0.08359375 0.32421875 0.1671875 0.1109375
2 0.66484375 0.1296875 0.596875 0.259375
1 0.77109375 0.05625 0.1015625 0.04609375
1 0.51953125 0.76796875 0.9609375 0.4640625