1 0.5546875 0.88046875 0.0984375 0.1390625
1 0.365625 0.93984375 0.0890625 0.1203125
1 0.37265625 0.73984375 0.06328125 0.06171875
1 0.3375 0.8125 0.05703125 0.0484375
1 0.265625 0.84921875 0.04453125 0.06953125
1 0.25625 0.73671875 0.06171875 0.090625
1 0.2796875 0.55234375 0.078125 0.0546875
1 0.1109375 0.59296875 0.06640625 0.03828125
1 0.54375 0.50234375 0.07421875 0.03984375
1 0.71015625 0.56015625 0.06328125 0.0671875
1 0.82109375 0.559375 0.08984375 0.0484375
1 0.94296875 0.55390625 0.08359375 0.071875
1 0.184375 0.45546875 0.0640625 0.040625
1 0.29296875 0.446875 0.04453125 0.0609375
1 0.059375 0.521875 0.08125 0.05078125
1 0.0296875 0.40859375 0.05390625 0.06484375
1 0.54296875 0.37734375 0.11171875 0.0484375
1 0.4609375 0.32890625 0.0515625 0.04375
1 0.146875 0.3359375 0.06796875 0.0890625
1 0.665625 0.453125 0.04921875 0.03984375
1 0.7109375 0.43359375 0.06640625 0.08125
1 0.87890625 0.4859375 0.06328125 0.04765625
1 0.53984375 0.434375 0.153125 0.0609375
1 0.321875 0.6671875 0.04609375 0.04921875