1 0.46015625 0.50703125 0.1421875 0.10234375
1 0.53046875 0.43046875 0.1015625 0.0734375
1 0.7078125 0.49453125 0.0890625 0.0765625
1 0.72578125 0.66328125 0.10390625 0.08671875
1 0.21171875 0.64453125 0.06796875 0.0640625
1 0.109375 0.37578125 0.06875 0.04765625
1 0.3171875 0.32265625 0.05859375 0.03125
1 0.1546875 0.27890625 0.03515625 0.025
1 0.09609375 0.25546875 0.05390625 0.03515625
1 0.05 0.23046875 0.05 0.0359375
1 0.32890625 0.2125 0.04609375 0.03828125
1 0.3828125 0.17890625 0.053125 0.0609375
1 0.17265625 0.1703125 0.0484375 0.03984375