1 0.5125 0.8625 0.2234375 0.15625
1 0.08359375 0.93203125 0.1671875 0.1359375
1 0.17890625 0.75859375 0.10078125 0.09296875
1 0.25 0.628125 0.1375 0.06875
1 0.44765625 0.49140625 0.05625 0.06015625
1 0.83359375 0.73046875 0.09375 0.09296875
1 0.79140625 0.6203125 0.1015625 0.0703125
1 0.30546875 0.52265625 0.09609375 0.0609375
1 0.3453125 0.4375 0.10546875 0.0515625
1 0.45546875 0.42734375 0.059375 0.02421875
1 0.4484375 0.40078125 0.0796875 0.028125
1 0.43828125 0.3578125 0.08046875 0.0296875
1 0.48828125 0.31640625 0.09296875 0.0359375
1 0.634375 0.3109375 0.0625 0.028125
1 0.95 0.525 0.09296875 0.09921875
1 0.7828125 0.43203125 0.07578125 0.06171875
1 0.73203125 0.3484375 0.075 0.05703125
1 0.50078125 0.26796875 0.0546875 0.059375