1 0.18984375 0.8140625 0.2578125 0.2375
1 0.41328125 0.490625 0.27109375 0.29609375
1 0.75546875 0.7671875 0.11953125 0.17578125
1 0.81484375 0.61796875 0.11796875 0.1078125
1 0.8125 0.51796875 0.165625 0.15546875
1 0.965625 0.515625 0.05234375 0.0765625
1 0.65703125 0.39375 0.18515625 0.159375
1 0.64921875 0.27578125 0.1296875 0.0828125
1 0.715625 0.15625 0.10703125 0.0921875
1 0.82890625 0.14453125 0.05390625 0.06875
1 0.5703125 0.1875 0.1390625 0.07890625
1 0.4109375 0.175 0.12421875 0.09296875
1 0.575 0.12578125 0.11328125 0.05546875
1 0.58828125 0.08125 0.14765625 0.071875
1 0.45234375 0.1 0.1046875 0.0484375
1 0.33984375 0.0390625 0.0484375 0.0703125
1 0.4140625 0.053125 0.08046875 0.0546875
1 0.3203125 0.0609375 0.06171875 0.03515625
1 0.2796875 0.11328125 0.08046875 0.0421875
1 0.1421875 0.03359375 0.06015625 0.04453125
1 0.60234375 0.9265625 0.05390625 0.1046875
1 0.7546875 0.08515625 0.04375 0.025