1 0.746875 0.81484375 0.1390625 0.1078125
1 0.821875 0.6609375 0.12734375 0.12265625
1 0.353125 0.78828125 0.128125 0.07734375
1 0.1421875 0.821875 0.18359375 0.096875
1 0.1359375 0.946875 0.0765625 0.04296875
1 0.378125 0.64375 0.303125 0.1484375
1 0.0453125 0.67109375 0.090625 0.0859375
1 0.63515625 0.6453125 0.14453125 0.1125
1 0.5546875 0.5546875 0.05390625 0.04609375
1 0.6453125 0.5421875 0.04140625 0.03515625
1 0.61953125 0.4765625 0.09765625 0.06171875
1 0.71796875 0.95703125 0.1453125 0.0859375
1 0.59296875 0.778125 0.05390625 0.05234375
1 0.92890625 0.62890625 0.05546875 0.08046875
2 0.39140625 0.48046875 0.54765625 0.403125