1 0.5953125 0.7546875 0.30234375 0.234375
1 0.47265625 0.51953125 0.25625 0.128125
1 0.32734375 0.3078125 0.12578125 0.09765625
1 0.33359375 0.196875 0.090625 0.0453125
1 0.325 0.14296875 0.0765625 0.0453125
1 0.30078125 0.10546875 0.03984375 0.03984375
1 0.8953125 0.1640625 0.209375 0.078125
1 0.7234375 0.103125 0.125 0.06015625
1 0.59765625 0.11484375 0.0265625 0.03125
1 0.675 0.17421875 0.078125 0.11171875
1 0.534375 0.0828125 0.0578125 0.05078125
1 0.38046875 0.06484375 0.05625 0.0625
2 0.1953125 0.51875 0.321875 0.9625