1 0.1578125 0.81875 0.315625 0.18359375
1 0.45078125 0.584375 0.303125 0.11640625
1 0.540625 0.44921875 0.18125 0.07890625
1 0.5734375 0.36953125 0.075 0.0375
1 0.7734375 0.384375 0.1140625 0.07734375
1 0.91171875 0.54140625 0.1765625 0.14140625
1 0.69453125 0.26484375 0.0375 0.04609375
1 0.5828125 0.2625 0.03828125 0.04140625
1 0.06015625 0.5953125 0.1203125 0.128125
1 0.22421875 0.45546875 0.0515625 0.025
1 0.39375 0.46484375 0.0703125 0.04453125
1 0.528125 0.24765625 0.06171875 0.03671875
1 0.6625 0.36953125 0.04765625 0.0546875