1 0.9 0.58984375 0.121875 0.11015625
1 0.76953125 0.61796875 0.115625 0.07890625
1 0.60390625 0.525 0.0578125 0.0859375
1 0.5625 0.425 0.06328125 0.06875
1 0.66796875 0.3921875 0.05234375 0.059375
1 0.77421875 0.4171875 0.05625 0.04921875
1 0.9 0.3640625 0.171875 0.08125
1 0.5 0.678125 0.178125 0.16875
1 0.7125 0.85390625 0.203125 0.2921875
1 0.340625 0.65546875 0.1453125 0.1765625
1 0.37265625 0.89140625 0.40625 0.2171875
1 0.41171875 0.34765625 0.09296875 0.0484375
1 0.54375 0.25703125 0.0578125 0.04296875
1 0.6078125 0.31484375 0.0453125 0.07421875
1 0.64765625 0.2484375 0.04765625 0.04921875
1 0.8125 0.2359375 0.0578125 0.04453125
1 0.55390625 0.209375 0.0390625 0.021875
1 0.4921875 0.2 0.053125 0.0375
1 0.46796875 0.2734375 0.0375 0.0421875
1 0.4203125 0.24375 0.0640625 0.04296875
1 0.8875 0.46484375 0.04765625 0.05234375