1 0.3125 0.59765625 0.2046875 0.13828125
1 0.1828125 0.4921875 0.2140625 0.08984375
1 0.39609375 0.46015625 0.153125 0.09375
1 0.71171875 0.53359375 0.12578125 0.1390625
1 0.85546875 0.5671875 0.08828125 0.08359375
1 0.92578125 0.82109375 0.1484375 0.134375
1 0.7140625 0.8953125 0.240625 0.209375
1 0.58046875 0.4328125 0.0953125 0.06015625
1 0.5640625 0.38984375 0.05078125 0.05625
1 0.82109375 0.39921875 0.09453125 0.06171875
1 0.9546875 0.41953125 0.07265625 0.06015625
1 0.7265625 0.33125 0.09140625 0.05859375
1 0.30859375 0.359375 0.1625 0.11484375
1 0.2421875 0.25546875 0.103125 0.06953125
1 0.8125 0.2734375 0.1 0.0546875
1 0.74296875 0.240625 0.05703125 0.04375
1 0.4234375 0.33203125 0.06171875 0.04140625
1 0.52109375 0.3421875 0.071875 0.04609375
1 0.39921875 0.2859375 0.0625 0.028125
1 0.50859375 0.51171875 0.06640625 0.06171875
1 0.58125 0.7421875 0.0765625 0.09453125
1 0.4796875 0.24296875 0.040625 0.028125
1 0.65625 0.303125 0.04140625 0.02890625
1 0.33984375 0.18203125 0.02421875 0.01953125
1 0.52734375 0.196875 0.0390625 0.0234375
1 0.5828125 0.228125 0.034375 0.02578125
1 0.30078125 0.23203125 0.03828125 0.03828125
1 0.4375 0.19765625 0.05703125 0.040625
1 0.48828125 0.196875 0.0203125 0.0171875