1 0.203125 0.6609375 0.16796875 0.24375
1 0.559375 0.5921875 0.22734375 0.1859375
1 0.94140625 0.45546875 0.09375 0.10703125
1 0.83359375 0.3984375 0.09453125 0.084375
1 0.896875 0.3265625 0.04609375 0.071875
1 0.70859375 0.38203125 0.0875 0.0515625
1 0.63671875 0.34609375 0.05859375 0.03203125
1 0.5875 0.42109375 0.0765625 0.06171875
1 0.5265625 0.3625 0.11640625 0.0640625
1 0.42421875 0.40703125 0.0765625 0.071875
1 0.4015625 0.35 0.06640625 0.0390625
1 0.2125 0.38984375 0.10390625 0.06796875
1 0.09765625 0.390625 0.03984375 0.0390625
2 0.503125 0.86953125 0.99375 0.2609375
2 0.4484375 0.2546875 0.84375 0.153125