1 0.19375 0.96953125 0.19765625 0.0609375
1 0.67421875 0.9 0.06015625 0.0546875
1 0.7484375 0.8640625 0.0375 0.04453125
1 0.725 0.83828125 0.0296875 0.04140625
1 0.5609375 0.8625 0.1234375 0.08671875
1 0.46875 0.91953125 0.10234375 0.07265625
1 0.478125 0.796875 0.09140625 0.06171875
1 0.65390625 0.82109375 0.0421875 0.06875
1 0.6125 0.77109375 0.03203125 0.05234375
1 0.46328125 0.709375 0.03984375 0.04453125
1 0.55625 0.6921875 0.0390625 0.05
1 0.57578125 0.759375 0.0390625 0.0609375
2 0.49453125 0.6046875 0.146875 0.15546875