1 0.48125 0.88125 0.29375 0.1125
1 0.6125 0.57109375 0.1796875 0.08828125
1 0.290625 0.63125 0.1890625 0.07109375
1 0.459375 0.46328125 0.08671875 0.05234375
1 0.58046875 0.45234375 0.09609375 0.0390625
1 0.73046875 0.46875 0.06953125 0.05546875
1 0.96953125 0.421875 0.0609375 0.05078125
1 0.5515625 0.3734375 0.1078125 0.06796875
1 0.70859375 0.35859375 0.090625 0.0484375
1 0.05703125 0.51015625 0.04921875 0.0421875
1 0.26640625 0.3609375 0.09140625 0.04609375
1 0.57109375 0.30546875 0.06015625 0.04140625